,Cluster,Word_Type,Weights,SqDist
0,0,ernie,1.4797978004285497e-05,3162.6
1,0,bert,8.878786802571297e-06,4066.63
2,1,campaign,0.0004646565093345,1607.88
3,1,elected,0.0002634040084762,1615.8
4,1,political,0.0008464443418451,1618.7
5,1,win,0.0002811615820814,1638.68
6,1,office,0.0007576564738194,1642.89
7,1,victory,4.735352961371358e-05,1731.2
8,1,opponent,2.959595600857099e-05,1756.28
9,1,politician,6.807069881971327e-05,1779.07
10,1,candidates,9.174746362657008e-05,1812.61
11,1,party,0.0006333534585834,1818.53
12,2,great,0.0004735352961371,1267.87
13,2,fact,0.0022226562962436,1288.06
14,2,making,0.0007339797090125,1309.27
15,2,looking,0.0002219696700642,1326.23
16,2,alone,0.0002160504788625,1347.12
17,2,directly,0.0003521918765019,1356.31
18,2,something,0.0006215150761799,1358.61
19,2,specifically,0.0002249292656651,1364.15
20,2,actually,0.0009589089746777,1424.94
21,2,almost,0.0006007979069739,1426.08
22,3,left,0.0008020504078322,1244.5
23,3,included,0.0001746161404505,1269.22
24,3,made,0.0013791715499994,1277.76
25,3,taken,0.0004912928697422,1283.79
26,3,set,0.0002663636040771,1295.18
27,3,given,0.0005504847817594,1319.75
28,3,released,0.0002870807732831,1329.37
29,3,added,0.0001775757360514,1337.6
30,3,called,0.0006274342673817,1351.75
31,3,created,0.0004113837885191,1352.9
32,4,targeted,0.0001894141184548,1402.26
33,4,shot,0.0007487776870168,1443.5
34,4,dead,0.0003758686413088,1452.25
35,4,attack,0.0007369393046134,1463.9
36,4,mass,0.0003344343028968,1483.29
37,4,deadly,0.0001923737140557,1489.37
38,4,hate,0.0004084241929182,1493.32
39,4,peaceful,0.0001302222064377,1553.67
40,4,attacks,0.0002782019864805,1577.1
41,4,killing,0.0002841211776822,1578.55
42,5,country,0.0010506564383042,1479.63
43,5,state,0.0020835553030033,1504.37
44,5,north,0.0001213434196351,1543.24
45,5,union,0.0001627777580471,1570.86
46,5,nation,0.0003285151116951,1599.41
47,5,america,0.0010654544163085,1638.94
48,5,us,0.0029270400492476,1640.66
49,5,city,0.0003729090457079,1653.42
50,5,states,0.0029507168140545,1661.96
51,5,national,0.0005741615465662,1681.6
52,6,unvaxxed,7.694948562228457e-05,1275.13
53,6,unvaccinated,0.0007073433486048,1480.69
54,6,reputable,0.0001095050372317,1531.44
55,6,divisive,9.470705922742716e-05,1547.92
56,6,decertify,8.582827242485587e-05,1562.28
57,6,boebert,0.0001272626108368,1586.07
58,6,lockdowns,9.766665482828426e-05,1608.2
59,6,super,0.0001243030152359,1642.01
60,6,dewormer,0.0001361413976394,1660.42
61,6,peerreviewed,6.807069881971327e-05,1666.69
62,7,text,0.0002693231996779,1345.96
63,7,via,0.0004824140829397,1428.39
64,7,trending,0.0001154242284334,1471.32
65,7,source,0.0011098483503214,1471.4
66,7,reading,0.0001124646328325,1473.9
67,7,shared,0.0001213434196351,1523.96
68,7,host,0.0001243030152359,1524.57
69,7,content,0.0002722827952788,1544.39
70,7,piece,0.0002338080524677,1552.58
71,7,profile,0.0001035858460299,1556.31
72,8,antivax,5.919191201714198e-05,1521.99
73,8,covid,0.0082128777923784,1680.58
74,8,vax,0.0003107575380899,1691.63
75,8,boosters,0.0001065454416308,1698.51
76,8,booster,0.0002012525008582,1732.41
77,8,blood,0.0002278888612659,1811.41
78,8,spread,0.0009589089746777,1821.1
79,8,severe,0.0003462726853002,1830.79
80,8,side,0.0003610706633045,1893.53
81,8,drugs,0.0001598181624462,1899.19
82,9,ones,0.0002071716920599,1253.7
83,9,guys,0.0001095050372317,1333.51
84,9,people,0.0067271608007481,1359.08
85,9,right,0.0017224846396988,1373.55
86,9,individual,0.0003551514721028,1424.98
87,9,public,0.0011128079459222,1443.39
88,9,person,0.0010624948207076,1460.86
89,9,others,0.0006777473925962,1484.62
90,9,home,0.0004380201489268,1492.63
91,9,community,0.0004468989357294,1513.7
92,10,retweeted,2.959595600857099e-05,1963.43
93,10,tweeting,8.286867682399876e-05,1989.63
94,10,retweeting,5.919191201714198e-06,2040.1
95,10,meme,9.766665482828426e-05,2087.74
96,10,tweeted,0.0001568585668454,2211.67
97,10,retweets,2.367676480685679e-05,2225.89
98,10,tweeter,5.623231641628488e-05,2254.24
99,10,quotetweet,2.959595600857099e-06,2304.57
100,10,retweeter,5.919191201714198e-06,2306.63
101,10,retweet,0.0001272626108368,2309.02
102,11,members,0.0006037575025748,1414.72
103,11,events,0.0002782019864805,1454.54
104,11,plans,0.0001479797800428,1454.8
105,11,words,0.0003018787512874,1469.93
106,11,checks,0.0002278888612659,1480.14
107,11,numbers,0.0003847474281114,1483.0
108,11,politicians,0.0001361413976394,1487.06
109,11,leaders,0.0002367676480685,1489.75
110,11,agents,0.0001864545228539,1510.84
111,11,issues,0.0003166767292917,1521.51
112,12,theyre,0.0002929999644848,1749.72
113,12,whos,5.919191201714198e-05,1761.66
114,12,whats,0.0001095050372317,1810.09
115,12,isnt,0.0006155958849782,1816.98
116,12,arent,0.0001864545228539,1838.52
117,12,ill,0.0002042120964591,1844.04
118,12,shes,8.878786802571297e-05,1871.26
119,12,ffs,1.4797978004285497e-05,1892.97
120,12,thats,0.0005090504433474,1902.41
121,12,hes,0.0003196363248925,1933.89
122,13,one,0.0034834440222088,1199.5
123,13,coming,0.0003225959204934,1243.43
124,13,back,0.0014176462928105,1247.28
125,13,full,0.0006688686057937,1250.17
126,13,complete,0.0001953333096565,1272.86
127,13,new,0.0024742219223165,1297.61
128,13,time,0.0018823028021451,1320.46
129,13,around,0.0007191817310082,1326.67
130,13,daily,0.0001982929052574,1334.23
131,13,additional,0.0001657373536479,1334.88
132,14,publicly,0.0001479797800428,1350.39
133,14,report,0.0007487776870168,1355.65
134,14,reporting,0.0004409797445277,1370.62
135,14,detail,0.0001006262504291,1373.65
136,14,propaganda,0.0002456464348711,1390.17
137,14,expert,0.0001183838240342,1400.33
138,14,saying,0.0007191817310082,1403.07
139,14,supporting,0.0002071716920599,1445.42
140,14,point,0.0005771211421671,1448.66
141,14,real,0.0013377372115874,1451.19
142,15,mark,0.0001450201844419,1290.92
143,15,aoc,0.0001479797800428,1389.87
144,15,yearold,0.0001598181624462,1402.4
145,15,youngkin,0.0001302222064377,1465.84
146,15,ppl,0.0001598181624462,1476.65
147,15,george,0.0002456464348711,1489.38
148,15,john,0.0002959595600857,1529.54
149,15,robinhood,0.0001213434196351,1556.94
150,15,crt,0.0001243030152359,1564.33
151,15,w,0.0005120100389482,1564.45
152,16,points,0.0001509393756437,1288.97
153,16,faces,8.878786802571297e-05,1299.95
154,16,means,0.0004202625753217,1439.54
155,16,addresses,4.439393401285649e-05,1506.5
156,16,talks,6.807069881971327e-05,1511.17
157,16,uses,0.0002722827952788,1513.24
158,16,says,0.0015182725432396,1529.78
159,16,offers,6.215150761799908e-05,1533.15
160,16,calls,0.0001598181624462,1535.87
161,16,provides,0.0003669898545062,1541.53
162,17,leader,0.0001538989712445,1439.28
163,17,trumps,0.0003018787512874,1537.79
164,17,leadership,0.0001598181624462,1554.07
165,17,reps,2.663636040771389e-05,1578.22
166,17,supporters,0.0002722827952788,1667.26
167,17,cruzs,2.663636040771389e-05,1732.19
168,17,lawmakers,8.286867682399876e-05,1775.36
169,17,liberal,0.0001154242284334,1793.88
170,17,conservative,0.0001450201844419,1829.42
171,17,minister,4.143433841199938e-05,1834.92
172,18,force,0.0003995454061157,1200.3
173,18,face,0.0003166767292917,1260.79
174,18,close,0.0002693231996779,1261.18
175,18,response,0.0004202625753217,1288.78
176,18,following,0.0002752423908797,1297.32
177,18,official,0.0004912928697422,1305.06
178,18,high,0.0005238484213517,1316.07
179,18,event,0.0003906666193131,1334.22
180,18,working,0.0005060908477465,1344.44
181,18,common,0.0004528181269311,1356.48
182,19,run,0.0003137171336908,1197.51
183,19,show,0.0009056362538622,1237.18
184,19,live,0.0004321009577251,1261.65
185,19,leave,0.0003314747072959,1278.53
186,19,take,0.0012193533875531,1303.87
187,19,address,0.0001775757360514,1309.15
188,19,see,0.0014709190136259,1320.16
189,19,view,0.0001982929052574,1331.42
190,19,come,0.0004942524653431,1332.41
191,19,share,0.0002722827952788,1341.33
